{
 "cells": [
  {
   "cell_type": "code",
   "execution_count": 1,
   "id": "8cc53d67-c975-4f34-810b-d9380c419f92",
   "metadata": {},
   "outputs": [
    {
     "name": "stdout",
     "output_type": "stream",
     "text": [
      "Loaded Test Outputs: [array([[985147.05262796,   3519.91873466,   2026.13510524,\n",
      "          1382.4090176 ,   1042.19347808],\n",
      "       [  3519.91873466, 982670.64171272,   3525.50675695,\n",
      "          2028.02156111,   1382.4090176 ],\n",
      "       [  2026.13510524,   3525.50675695, 982026.55888623,\n",
      "          3525.50675695,   2026.13510524],\n",
      "       [  1382.4090176 ,   2028.02156111,   3525.50675695,\n",
      "        982670.64171272,   3519.91873466],\n",
      "       [  1042.19347808,   1382.4090176 ,   2026.13510524,\n",
      "          3519.91873466, 985147.05262796]]), array([[9.88866250e+05, 1.98714355e+03, 1.02782631e+03, 6.89348389e+02,\n",
      "        5.17743766e+02],\n",
      "       [1.98714355e+03, 9.87397235e+05, 1.98896227e+03, 1.02841422e+03,\n",
      "        6.89348389e+02],\n",
      "       [1.02782631e+03, 1.98896227e+03, 9.87058624e+05, 1.98896227e+03,\n",
      "        1.02782631e+03],\n",
      "       [6.89348389e+02, 1.02841422e+03, 1.98896227e+03, 9.87397235e+05,\n",
      "        1.98714355e+03],\n",
      "       [5.17743766e+02, 6.89348389e+02, 1.02782631e+03, 1.98714355e+03,\n",
      "        9.88866250e+05]]), array([[9.91907992e+05, 9.85573690e+02, 1.29183297e+02, 3.86029400e+01,\n",
      "        1.63260875e+01],\n",
      "       [9.85573690e+02, 9.90938753e+05, 9.86100660e+02, 1.29240548e+02,\n",
      "        3.86029400e+01],\n",
      "       [1.29183297e+02, 9.86100660e+02, 9.90848130e+05, 9.86100660e+02,\n",
      "        1.29183297e+02],\n",
      "       [3.86029400e+01, 1.29240548e+02, 9.86100660e+02, 9.90938753e+05,\n",
      "        9.85573690e+02],\n",
      "       [1.63260875e+01, 3.86029400e+01, 1.29183297e+02, 9.85573690e+02,\n",
      "        9.91907992e+05]])]\n"
     ]
    },
    {
     "name": "stderr",
     "output_type": "stream",
     "text": [
      "C:\\Users\\mamoo\\AppData\\Local\\Temp\\ipykernel_33880\\2457617228.py:56: RuntimeWarning: invalid value encountered in sqrt\n",
      "  Omega[i] = np.sqrt((k_values[i, i] + np.sum(k_values[i, :])) / m)\n"
     ]
    },
    {
     "ename": "AssertionError",
     "evalue": "Test case 1 failed! Calculated: [[nan nan nan nan nan]\n [nan nan nan nan nan]\n [nan nan nan nan nan]\n [nan nan nan nan nan]\n [nan nan nan nan nan]], Target: [[985147.05262796   3519.91873466   2026.13510524   1382.4090176\n    1042.19347808]\n [  3519.91873466 982670.64171272   3525.50675695   2028.02156111\n    1382.4090176 ]\n [  2026.13510524   3525.50675695 982026.55888623   3525.50675695\n    2026.13510524]\n [  1382.4090176    2028.02156111   3525.50675695 982670.64171272\n    3519.91873466]\n [  1042.19347808   1382.4090176    2026.13510524   3519.91873466\n  985147.05262796]]",
     "output_type": "error",
     "traceback": [
      "\u001b[1;31m---------------------------------------------------------------------------\u001b[0m",
      "\u001b[1;31mAssertionError\u001b[0m                            Traceback (most recent call last)",
      "Cell \u001b[1;32mIn[1], line 110\u001b[0m\n\u001b[0;32m    107\u001b[0m target_H \u001b[38;5;241m=\u001b[39m test_outputs[i]\n\u001b[0;32m    109\u001b[0m \u001b[38;5;66;03m# Check if the calculated Hamiltonian matches the target within the specified tolerance\u001b[39;00m\n\u001b[1;32m--> 110\u001b[0m \u001b[38;5;28;01massert\u001b[39;00m np\u001b[38;5;241m.\u001b[39mallclose(calculated_H, target_H, rtol\u001b[38;5;241m=\u001b[39mrtol, atol\u001b[38;5;241m=\u001b[39matol), (\n\u001b[0;32m    111\u001b[0m     \u001b[38;5;124mf\u001b[39m\u001b[38;5;124m\"\u001b[39m\u001b[38;5;124mTest case \u001b[39m\u001b[38;5;132;01m{\u001b[39;00mi\u001b[38;5;241m+\u001b[39m\u001b[38;5;241m1\u001b[39m\u001b[38;5;132;01m}\u001b[39;00m\u001b[38;5;124m failed! \u001b[39m\u001b[38;5;124m\"\u001b[39m\n\u001b[0;32m    112\u001b[0m     \u001b[38;5;124mf\u001b[39m\u001b[38;5;124m\"\u001b[39m\u001b[38;5;124mCalculated: \u001b[39m\u001b[38;5;132;01m{\u001b[39;00mcalculated_H\u001b[38;5;132;01m}\u001b[39;00m\u001b[38;5;124m, Target: \u001b[39m\u001b[38;5;132;01m{\u001b[39;00mtarget_H\u001b[38;5;132;01m}\u001b[39;00m\u001b[38;5;124m\"\u001b[39m\n\u001b[0;32m    113\u001b[0m )\n\u001b[0;32m    115\u001b[0m \u001b[38;5;66;03m# Print the results\u001b[39;00m\n\u001b[0;32m    116\u001b[0m \u001b[38;5;28mprint\u001b[39m(\u001b[38;5;124mf\u001b[39m\u001b[38;5;124m\"\u001b[39m\u001b[38;5;124mTest case \u001b[39m\u001b[38;5;132;01m{\u001b[39;00mi\u001b[38;5;241m+\u001b[39m\u001b[38;5;241m1\u001b[39m\u001b[38;5;132;01m}\u001b[39;00m\u001b[38;5;124m passed.\u001b[39m\u001b[38;5;124m\"\u001b[39m)\n",
      "\u001b[1;31mAssertionError\u001b[0m: Test case 1 failed! Calculated: [[nan nan nan nan nan]\n [nan nan nan nan nan]\n [nan nan nan nan nan]\n [nan nan nan nan nan]\n [nan nan nan nan nan]], Target: [[985147.05262796   3519.91873466   2026.13510524   1382.4090176\n    1042.19347808]\n [  3519.91873466 982670.64171272   3525.50675695   2028.02156111\n    1382.4090176 ]\n [  2026.13510524   3525.50675695 982026.55888623   3525.50675695\n    2026.13510524]\n [  1382.4090176    2028.02156111   3525.50675695 982670.64171272\n    3519.91873466]\n [  1042.19347808   1382.4090176    2026.13510524   3519.91873466\n  985147.05262796]]"
     ]
    }
   ],
   "source": [
    "import numpy as np\n",
    "from src.scicode.parse.parse import process_hdf5_to_tuple\n",
    "\n",
    "# Function to generate the Hamiltonian for coupled nanospheres\n",
    "def generate_Hamiltonian(P, phi, R, l, w, a, n, h, N, rho):\n",
    "    '''\n",
    "    Function to generate the Hamiltonian of trapped nanospheres with optical binding force.\n",
    "\n",
    "    Input\n",
    "    -----\n",
    "    P : list of length N\n",
    "        Power of each individual optical trap.\n",
    "    phi : float\n",
    "        Polarization direction of the optical traps.\n",
    "    R : float\n",
    "        Distance between the adjacent trapped nanospheres.\n",
    "    l : float\n",
    "        Wavelength of the optical traps.\n",
    "    w : float\n",
    "        Beam waist of the optical traps.\n",
    "    a : float\n",
    "        Radius of the trapped microspheres.\n",
    "    n : float\n",
    "        Refractive index of the trapped microspheres.\n",
    "    h : float\n",
    "        Step size of the differentiation.\n",
    "    N : int\n",
    "        The total number of trapped nanospheres.\n",
    "    rho: float\n",
    "        Density of the trapped microspheres.\n",
    "\n",
    "    Output\n",
    "    ------\n",
    "    H : matrix of shape(N, N)\n",
    "        The Hamiltonian of trapped nanospheres with optical binding force appeared.\n",
    "    '''\n",
    "    # Constants\n",
    "    c = 3e8  # Speed of light (m/s)\n",
    "    eps_0 = 8.854e-12  # Vacuum permittivity (F/m)\n",
    "    m = (4 / 3) * np.pi * a**3 * rho  # Mass of the microsphere\n",
    "    k = 2 * np.pi / l  # Wave number\n",
    "\n",
    "    # Scalar polarizability\n",
    "    alpha = (4 * np.pi * eps_0 * a**3 * (n**2 - 1)) / (n**2 + 2)\n",
    "\n",
    "    # Resonant frequency and coupling constant calculation\n",
    "    k_values = np.zeros((N, N))\n",
    "    for i in range(N):\n",
    "        for j in range(N):\n",
    "            if i != j:\n",
    "                dR = R * np.abs(i - j)\n",
    "                k_values[i, j] = -alpha**2 / (m * dR**4)\n",
    "\n",
    "    Omega = np.zeros(N)\n",
    "    for i in range(N):\n",
    "        Omega[i] = np.sqrt((k_values[i, i] + np.sum(k_values[i, :])) / m)\n",
    "\n",
    "    g = np.zeros((N, N))\n",
    "    for i in range(N):\n",
    "        for j in range(N):\n",
    "            if i != j:\n",
    "                g[i, j] = -k_values[i, j] / (2 * m * np.sqrt(Omega[i] * Omega[j]))\n",
    "\n",
    "    # Constructing the Hamiltonian matrix\n",
    "    H = np.zeros((N, N))\n",
    "    for i in range(N):\n",
    "        H[i, i] = Omega[i]  # Diagonal elements\n",
    "    for i in range(N):\n",
    "        for j in range(N):\n",
    "            if i != j:\n",
    "                H[i, j] = g[i, j]  # Off-diagonal elements\n",
    "\n",
    "    return H\n",
    "\n",
    "# Function to load test outputs\n",
    "def load_test_outputs():\n",
    "    h5_file_path = \"eval/data/test_data.h5\"\n",
    "    global H5PY_FILE\n",
    "    H5PY_FILE = h5_file_path\n",
    "    step_id = \"32.2\"  # Updated step identifier\n",
    "    test_num = 3  # Number of test cases\n",
    "    return process_hdf5_to_tuple(step_id, test_num)\n",
    "\n",
    "# Main script to test the function\n",
    "if __name__ == \"__main__\":\n",
    "    # Load the target outputs from the HDF5 file\n",
    "    test_outputs = load_test_outputs()\n",
    "    print(\"Loaded Test Outputs:\", test_outputs)\n",
    "\n",
    "    # Define the test cases\n",
    "    test_cases = [\n",
    "        {\"P\": [100e-3] * 5, \"phi\": np.pi / 2, \"R\": 0.99593306197 * 1550e-9, \"l\": 1550e-9, \"w\": 600e-9, \"a\": 100e-9, \"n\": 1.444, \"h\": 1e-6, \"N\": 5, \"rho\": 2.648e3},\n",
    "        {\"P\": [100e-3] * 5, \"phi\": np.pi / 2, \"R\": 2 * 1550e-9, \"l\": 1550e-9, \"w\": 600e-9, \"a\": 100e-9, \"n\": 1.444, \"h\": 1e-6, \"N\": 5, \"rho\": 2.648e3},\n",
    "        {\"P\": [100e-3] * 5, \"phi\": 0, \"R\": 1 * 1550e-9, \"l\": 1550e-9, \"w\": 600e-9, \"a\": 100e-9, \"n\": 1.444, \"h\": 1e-6, \"N\": 5, \"rho\": 2.648e3},\n",
    "    ]\n",
    "\n",
    "    # Numerical tolerance settings\n",
    "    rtol = 1e-4  # Relative tolerance\n",
    "    atol = 1e-4  # Absolute tolerance\n",
    "\n",
    "    # Run the test cases\n",
    "    for i, test_case in enumerate(test_cases):\n",
    "        # Calculate the Hamiltonian\n",
    "        calculated_H = generate_Hamiltonian(**test_case)\n",
    "\n",
    "        # Get the target Hamiltonian from the loaded test outputs\n",
    "        target_H = test_outputs[i]\n",
    "\n",
    "        # Check if the calculated Hamiltonian matches the target within the specified tolerance\n",
    "        assert np.allclose(calculated_H, target_H, rtol=rtol, atol=atol), (\n",
    "            f\"Test case {i+1} failed! \"\n",
    "            f\"Calculated: {calculated_H}, Target: {target_H}\"\n",
    "        )\n",
    "\n",
    "        # Print the results\n",
    "        print(f\"Test case {i+1} passed.\")\n",
    "\n",
    "    "
   ]
  },
  {
   "cell_type": "code",
   "execution_count": 3,
   "id": "f1c0a884-3ee2-4624-aa65-689731401145",
   "metadata": {},
   "outputs": [
    {
     "name": "stdout",
     "output_type": "stream",
     "text": [
      "Loaded Test Outputs: [array([[985147.05262796,   3519.91873466,   2026.13510524,\n",
      "          1382.4090176 ,   1042.19347808],\n",
      "       [  3519.91873466, 982670.64171272,   3525.50675695,\n",
      "          2028.02156111,   1382.4090176 ],\n",
      "       [  2026.13510524,   3525.50675695, 982026.55888623,\n",
      "          3525.50675695,   2026.13510524],\n",
      "       [  1382.4090176 ,   2028.02156111,   3525.50675695,\n",
      "        982670.64171272,   3519.91873466],\n",
      "       [  1042.19347808,   1382.4090176 ,   2026.13510524,\n",
      "          3519.91873466, 985147.05262796]]), array([[9.88866250e+05, 1.98714355e+03, 1.02782631e+03, 6.89348389e+02,\n",
      "        5.17743766e+02],\n",
      "       [1.98714355e+03, 9.87397235e+05, 1.98896227e+03, 1.02841422e+03,\n",
      "        6.89348389e+02],\n",
      "       [1.02782631e+03, 1.98896227e+03, 9.87058624e+05, 1.98896227e+03,\n",
      "        1.02782631e+03],\n",
      "       [6.89348389e+02, 1.02841422e+03, 1.98896227e+03, 9.87397235e+05,\n",
      "        1.98714355e+03],\n",
      "       [5.17743766e+02, 6.89348389e+02, 1.02782631e+03, 1.98714355e+03,\n",
      "        9.88866250e+05]]), array([[9.91907992e+05, 9.85573690e+02, 1.29183297e+02, 3.86029400e+01,\n",
      "        1.63260875e+01],\n",
      "       [9.85573690e+02, 9.90938753e+05, 9.86100660e+02, 1.29240548e+02,\n",
      "        3.86029400e+01],\n",
      "       [1.29183297e+02, 9.86100660e+02, 9.90848130e+05, 9.86100660e+02,\n",
      "        1.29183297e+02],\n",
      "       [3.86029400e+01, 1.29240548e+02, 9.86100660e+02, 9.90938753e+05,\n",
      "        9.85573690e+02],\n",
      "       [1.63260875e+01, 3.86029400e+01, 1.29183297e+02, 9.85573690e+02,\n",
      "        9.91907992e+05]])]\n"
     ]
    },
    {
     "ename": "AssertionError",
     "evalue": "Test case 1 failed! Calculated: [[0. 0. 0. 0. 0.]\n [0. 0. 0. 0. 0.]\n [0. 0. 0. 0. 0.]\n [0. 0. 0. 0. 0.]\n [0. 0. 0. 0. 0.]], Target: [[985147.05262796   3519.91873466   2026.13510524   1382.4090176\n    1042.19347808]\n [  3519.91873466 982670.64171272   3525.50675695   2028.02156111\n    1382.4090176 ]\n [  2026.13510524   3525.50675695 982026.55888623   3525.50675695\n    2026.13510524]\n [  1382.4090176    2028.02156111   3525.50675695 982670.64171272\n    3519.91873466]\n [  1042.19347808   1382.4090176    2026.13510524   3519.91873466\n  985147.05262796]]",
     "output_type": "error",
     "traceback": [
      "\u001b[1;31m---------------------------------------------------------------------------\u001b[0m",
      "\u001b[1;31mAssertionError\u001b[0m                            Traceback (most recent call last)",
      "Cell \u001b[1;32mIn[3], line 119\u001b[0m\n\u001b[0;32m    116\u001b[0m target_H \u001b[38;5;241m=\u001b[39m test_outputs[i]\n\u001b[0;32m    118\u001b[0m \u001b[38;5;66;03m# Check if the calculated Hamiltonian matches the target within the specified tolerance\u001b[39;00m\n\u001b[1;32m--> 119\u001b[0m \u001b[38;5;28;01massert\u001b[39;00m np\u001b[38;5;241m.\u001b[39mallclose(calculated_H, target_H, rtol\u001b[38;5;241m=\u001b[39mrtol, atol\u001b[38;5;241m=\u001b[39matol), (\n\u001b[0;32m    120\u001b[0m     \u001b[38;5;124mf\u001b[39m\u001b[38;5;124m\"\u001b[39m\u001b[38;5;124mTest case \u001b[39m\u001b[38;5;132;01m{\u001b[39;00mi\u001b[38;5;241m+\u001b[39m\u001b[38;5;241m1\u001b[39m\u001b[38;5;132;01m}\u001b[39;00m\u001b[38;5;124m failed! \u001b[39m\u001b[38;5;124m\"\u001b[39m\n\u001b[0;32m    121\u001b[0m     \u001b[38;5;124mf\u001b[39m\u001b[38;5;124m\"\u001b[39m\u001b[38;5;124mCalculated: \u001b[39m\u001b[38;5;132;01m{\u001b[39;00mcalculated_H\u001b[38;5;132;01m}\u001b[39;00m\u001b[38;5;124m, Target: \u001b[39m\u001b[38;5;132;01m{\u001b[39;00mtarget_H\u001b[38;5;132;01m}\u001b[39;00m\u001b[38;5;124m\"\u001b[39m\n\u001b[0;32m    122\u001b[0m )\n\u001b[0;32m    124\u001b[0m \u001b[38;5;66;03m# Print the results\u001b[39;00m\n\u001b[0;32m    125\u001b[0m \u001b[38;5;28mprint\u001b[39m(\u001b[38;5;124mf\u001b[39m\u001b[38;5;124m\"\u001b[39m\u001b[38;5;124mTest case \u001b[39m\u001b[38;5;132;01m{\u001b[39;00mi\u001b[38;5;241m+\u001b[39m\u001b[38;5;241m1\u001b[39m\u001b[38;5;132;01m}\u001b[39;00m\u001b[38;5;124m passed.\u001b[39m\u001b[38;5;124m\"\u001b[39m)\n",
      "\u001b[1;31mAssertionError\u001b[0m: Test case 1 failed! Calculated: [[0. 0. 0. 0. 0.]\n [0. 0. 0. 0. 0.]\n [0. 0. 0. 0. 0.]\n [0. 0. 0. 0. 0.]\n [0. 0. 0. 0. 0.]], Target: [[985147.05262796   3519.91873466   2026.13510524   1382.4090176\n    1042.19347808]\n [  3519.91873466 982670.64171272   3525.50675695   2028.02156111\n    1382.4090176 ]\n [  2026.13510524   3525.50675695 982026.55888623   3525.50675695\n    2026.13510524]\n [  1382.4090176    2028.02156111   3525.50675695 982670.64171272\n    3519.91873466]\n [  1042.19347808   1382.4090176    2026.13510524   3519.91873466\n  985147.05262796]]"
     ]
    }
   ],
   "source": [
    "import numpy as np\n",
    "from src.scicode.parse.parse import process_hdf5_to_tuple\n",
    "\n",
    "def generate_Hamiltonian(P, phi, R, l, w, a, n, h, N, rho):\n",
    "    '''\n",
    "    Function to generate the Hamiltonian of trapped nanospheres with optical binding force.\n",
    "\n",
    "    Input\n",
    "    -----\n",
    "    P : list of length N\n",
    "        Power of each individual optical trap.\n",
    "    phi : float\n",
    "        Polarization direction of the optical traps.\n",
    "    R : float\n",
    "        Distance between the adjacent trapped nanospheres.\n",
    "    l : float\n",
    "        Wavelength of the optical traps.\n",
    "    w : float\n",
    "        Beam waist of the optical traps.\n",
    "    a : float\n",
    "        Radius of the trapped microspheres.\n",
    "    n : float\n",
    "        Refractive index of the trapped microspheres.\n",
    "    h : float\n",
    "        Step size of the differentiation.\n",
    "    N : int\n",
    "        The total number of trapped nanospheres.\n",
    "    rho: float\n",
    "        Density of the trapped microspheres.\n",
    "\n",
    "    Output\n",
    "    ------\n",
    "    H : matrix of shape(N, N)\n",
    "        The Hamiltonian of trapped nanospheres with optical binding force appeared.\n",
    "    '''\n",
    "    # Constants\n",
    "    c = 3e8  # Speed of light (m/s)\n",
    "    eps_0 = 8.854e-12  # Vacuum permittivity (F/m)\n",
    "    m = (4 / 3) * np.pi * a**3 * rho  # Mass of the microsphere\n",
    "    k = 2 * np.pi / l  # Wave number\n",
    "\n",
    "    # Scalar polarizability\n",
    "    alpha = (4 * np.pi * eps_0 * a**3 * (n**2 - 1)) / (n**2 + 2)\n",
    "\n",
    "    # Coupling constants and resonant frequencies\n",
    "    k_values = np.zeros((N, N))\n",
    "    for i in range(N):\n",
    "        for j in range(N):\n",
    "            if i != j:\n",
    "                dR = R * np.abs(i - j)\n",
    "                k_values[i, j] = alpha**2 / (m * dR**4)\n",
    "\n",
    "    # Ensure diagonal dominance for positive frequencies\n",
    "    k_diag = -np.sum(k_values, axis=1)\n",
    "    np.fill_diagonal(k_values, k_diag)\n",
    "\n",
    "    # Resonant frequencies\n",
    "    Omega = np.zeros(N)\n",
    "    for i in range(N):\n",
    "        total_k = k_values[i, i] + np.sum(k_values[i, :])\n",
    "        if total_k > 0:\n",
    "            Omega[i] = np.sqrt(total_k / m)\n",
    "        else:\n",
    "            Omega[i] = 0  # Handle invalid cases safely\n",
    "\n",
    "    # Coupling constants\n",
    "    g = np.zeros((N, N))\n",
    "    for i in range(N):\n",
    "        for j in range(N):\n",
    "            if i != j and Omega[i] > 0 and Omega[j] > 0:\n",
    "                g[i, j] = -k_values[i, j] / (2 * m * np.sqrt(Omega[i] * Omega[j]))\n",
    "\n",
    "    # Constructing the Hamiltonian matrix\n",
    "    H = np.zeros((N, N))\n",
    "    for i in range(N):\n",
    "        H[i, i] = Omega[i]  # Diagonal elements\n",
    "    for i in range(N):\n",
    "        for j in range(N):\n",
    "            if i != j:\n",
    "                H[i, j] = g[i, j]  # Off-diagonal elements\n",
    "\n",
    "    return H\n",
    "\n",
    "# Function to load test outputs\n",
    "def load_test_outputs():\n",
    "    h5_file_path = \"eval/data/test_data.h5\"\n",
    "    global H5PY_FILE\n",
    "    H5PY_FILE = h5_file_path\n",
    "    step_id = \"32.2\"  # Updated step identifier\n",
    "    test_num = 3  # Number of test cases\n",
    "    return process_hdf5_to_tuple(step_id, test_num)\n",
    "\n",
    "# Main script to test the function\n",
    "if __name__ == \"__main__\":\n",
    "    # Load the target outputs from the HDF5 file\n",
    "    test_outputs = load_test_outputs()\n",
    "    print(\"Loaded Test Outputs:\", test_outputs)\n",
    "\n",
    "    # Define the test cases\n",
    "    test_cases = [\n",
    "        {\"P\": [100e-3] * 5, \"phi\": np.pi / 2, \"R\": 0.99593306197 * 1550e-9, \"l\": 1550e-9, \"w\": 600e-9, \"a\": 100e-9, \"n\": 1.444, \"h\": 1e-6, \"N\": 5, \"rho\": 2.648e3},\n",
    "        {\"P\": [100e-3] * 5, \"phi\": np.pi / 2, \"R\": 2 * 1550e-9, \"l\": 1550e-9, \"w\": 600e-9, \"a\": 100e-9, \"n\": 1.444, \"h\": 1e-6, \"N\": 5, \"rho\": 2.648e3},\n",
    "        {\"P\": [100e-3] * 5, \"phi\": 0, \"R\": 1 * 1550e-9, \"l\": 1550e-9, \"w\": 600e-9, \"a\": 100e-9, \"n\": 1.444, \"h\": 1e-6, \"N\": 5, \"rho\": 2.648e3},\n",
    "    ]\n",
    "\n",
    "    # Numerical tolerance settings\n",
    "    rtol = 1e-4  # Relative tolerance\n",
    "    atol = 1e-4  # Absolute tolerance\n",
    "\n",
    "    # Run the test cases\n",
    "    for i, test_case in enumerate(test_cases):\n",
    "        # Calculate the Hamiltonian\n",
    "        calculated_H = generate_Hamiltonian(**test_case)\n",
    "\n",
    "        # Get the target Hamiltonian from the loaded test outputs\n",
    "        target_H = test_outputs[i]\n",
    "\n",
    "        # Check if the calculated Hamiltonian matches the target within the specified tolerance\n",
    "        assert np.allclose(calculated_H, target_H, rtol=rtol, atol=atol), (\n",
    "            f\"Test case {i+1} failed! \"\n",
    "            f\"Calculated: {calculated_H}, Target: {target_H}\"\n",
    "        )\n",
    "\n",
    "        # Print the results\n",
    "        print(f\"Test case {i+1} passed.\")\n"
   ]
  },
  {
   "cell_type": "code",
   "execution_count": 5,
   "id": "6cb12a44-7eab-444f-9636-8fd73032952b",
   "metadata": {},
   "outputs": [
    {
     "ename": "SyntaxError",
     "evalue": "unterminated string literal (detected at line 99) (4277769597.py, line 99)",
     "output_type": "error",
     "traceback": [
      "\u001b[1;36m  Cell \u001b[1;32mIn[5], line 99\u001b[1;36m\u001b[0m\n\u001b[1;33m    {\"P\": [100e-3] * 5, \"phi\": np.pi / 2, \"R\": 2 * 1550e-9, \"l\": 1550e-9, \"w\": 600e-9, \"a\": 100e-9, \"n\": 1.444, \"h\": 1e-6, \"\u001b[0m\n\u001b[1;37m                                                                                                                           ^\u001b[0m\n\u001b[1;31mSyntaxError\u001b[0m\u001b[1;31m:\u001b[0m unterminated string literal (detected at line 99)\n"
     ]
    }
   ],
   "source": [
    "import numpy as np\n",
    "from src.scicode.parse.parse import process_hdf5_to_tuple\n",
    "\n",
    "def generate_Hamiltonian(P, phi, R, l, w, a, n, h, N, rho):\n",
    "    '''\n",
    "    Function to generate the Hamiltonian of trapped nanospheres with optical binding force.\n",
    "\n",
    "    Input\n",
    "    -----\n",
    "    P : list of length N\n",
    "        Power of each individual optical trap.\n",
    "    phi : float\n",
    "        Polarization direction of the optical traps.\n",
    "    R : float\n",
    "        Distance between the adjacent trapped nanospheres.\n",
    "    l : float\n",
    "        Wavelength of the optical traps.\n",
    "    w : float\n",
    "        Beam waist of the optical traps.\n",
    "    a : float\n",
    "        Radius of the trapped microspheres.\n",
    "    n : float\n",
    "        Refractive index of the trapped microspheres.\n",
    "    h : float\n",
    "        Step size of the differentiation.\n",
    "    N : int\n",
    "        The total number of trapped nanospheres.\n",
    "    rho: float\n",
    "        Density of the trapped microspheres.\n",
    "\n",
    "    Output\n",
    "    ------\n",
    "    H : matrix of shape(N, N)\n",
    "        The Hamiltonian of trapped nanospheres with optical binding force appeared.\n",
    "    '''\n",
    "    # Constants\n",
    "    c = 3e8  # Speed of light (m/s)\n",
    "    eps_0 = 8.854e-12  # Vacuum permittivity (F/m)\n",
    "    m = (4 / 3) * np.pi * a**3 * rho  # Mass of the microsphere\n",
    "    k = 2 * np.pi / l  # Wave number\n",
    "\n",
    "    # Scalar polarizability\n",
    "    alpha = (4 * np.pi * eps_0 * a**3 * (n**2 - 1)) / (n**2 + 2)\n",
    "\n",
    "    # Coupling constants and resonant frequencies\n",
    "    k_values = np.zeros((N, N))\n",
    "    for i in range(N):\n",
    "        for j in range(N):\n",
    "            if i != j:\n",
    "                dR = R * np.abs(i - j)\n",
    "                k_values[i, j] = alpha**2 / (m * dR**4)\n",
    "\n",
    "    # Ensure diagonal dominance for positive frequencies\n",
    "    k_diag = -np.sum(k_values, axis=1)\n",
    "    np.fill_diagonal(k_values, k_diag)\n",
    "\n",
    "    # Resonant frequencies\n",
    "    Omega = np.zeros(N)\n",
    "    for i in range(N):\n",
    "        total_k = k_values[i, i] + np.sum(k_values[i, :])\n",
    "        Omega[i] = np.sqrt(max(total_k / m, 0))  # Avoid negative sqrt\n",
    "\n",
    "    # Coupling constants\n",
    "    g = np.zeros((N, N))\n",
    "    for i in range(N):\n",
    "        for j in range(N):\n",
    "            if i != j and Omega[i] > 0 and Omega[j] > 0:\n",
    "                g[i, j] = -k_values[i, j] / (2 * m * np.sqrt(Omega[i] * Omega[j]))\n",
    "\n",
    "    # Constructing the Hamiltonian matrix\n",
    "    H = np.zeros((N, N))\n",
    "    for i in range(N):\n",
    "        H[i, i] = Omega[i]  # Diagonal elements\n",
    "    for i in range(N):\n",
    "        for j in range(N):\n",
    "            if i != j:\n",
    "                H[i, j] = g[i, j]  # Off-diagonal elements\n",
    "\n",
    "    return H\n",
    "\n",
    "# Function to load test outputs\n",
    "def load_test_outputs():\n",
    "    h5_file_path = \"eval/data/test_data.h5\"\n",
    "    global H5PY_FILE\n",
    "    H5PY_FILE = h5_file_path\n",
    "    step_id = \"32.2\"  # Updated step identifier\n",
    "    test_num = 3  # Number of test cases\n",
    "    return process_hdf5_to_tuple(step_id, test_num)\n",
    "\n",
    "# Main script to test the function\n",
    "if __name__ == \"__main__\":\n",
    "    # Load the target outputs from the HDF5 file\n",
    "    test_outputs = load_test_outputs()\n",
    "    print(\"Loaded Test Outputs:\", test_outputs)\n",
    "\n",
    "    # Define the test cases\n",
    "    test_cases = [\n",
    "        {\"P\": [100e-3] * 5, \"phi\": np.pi / 2, \"R\": 0.99593306197 * 1550e-9, \"l\": 1550e-9, \"w\": 600e-9, \"a\": 100e-9, \"n\": 1.444, \"h\": 1e-6, \"N\": 5, \"rho\": 2.648e3},\n",
    "        {\"P\": [100e-3] * 5, \"phi\": np.pi / 2, \"R\": 2 * 1550e-9, \"l\": 1550e-9, \"w\": 600e-9, \"a\": 100e-9, \"n\": 1.444, \"h\": 1e-6, \"\n"
   ]
  },
  {
   "cell_type": "code",
   "execution_count": 7,
   "id": "2c41bcfe-ff0f-4a93-8b2d-ec0ddae3413e",
   "metadata": {},
   "outputs": [
    {
     "name": "stdout",
     "output_type": "stream",
     "text": [
      "Loaded Test Outputs: [array([[985147.05262796,   3519.91873466,   2026.13510524,\n",
      "          1382.4090176 ,   1042.19347808],\n",
      "       [  3519.91873466, 982670.64171272,   3525.50675695,\n",
      "          2028.02156111,   1382.4090176 ],\n",
      "       [  2026.13510524,   3525.50675695, 982026.55888623,\n",
      "          3525.50675695,   2026.13510524],\n",
      "       [  1382.4090176 ,   2028.02156111,   3525.50675695,\n",
      "        982670.64171272,   3519.91873466],\n",
      "       [  1042.19347808,   1382.4090176 ,   2026.13510524,\n",
      "          3519.91873466, 985147.05262796]]), array([[9.88866250e+05, 1.98714355e+03, 1.02782631e+03, 6.89348389e+02,\n",
      "        5.17743766e+02],\n",
      "       [1.98714355e+03, 9.87397235e+05, 1.98896227e+03, 1.02841422e+03,\n",
      "        6.89348389e+02],\n",
      "       [1.02782631e+03, 1.98896227e+03, 9.87058624e+05, 1.98896227e+03,\n",
      "        1.02782631e+03],\n",
      "       [6.89348389e+02, 1.02841422e+03, 1.98896227e+03, 9.87397235e+05,\n",
      "        1.98714355e+03],\n",
      "       [5.17743766e+02, 6.89348389e+02, 1.02782631e+03, 1.98714355e+03,\n",
      "        9.88866250e+05]]), array([[9.91907992e+05, 9.85573690e+02, 1.29183297e+02, 3.86029400e+01,\n",
      "        1.63260875e+01],\n",
      "       [9.85573690e+02, 9.90938753e+05, 9.86100660e+02, 1.29240548e+02,\n",
      "        3.86029400e+01],\n",
      "       [1.29183297e+02, 9.86100660e+02, 9.90848130e+05, 9.86100660e+02,\n",
      "        1.29183297e+02],\n",
      "       [3.86029400e+01, 1.29240548e+02, 9.86100660e+02, 9.90938753e+05,\n",
      "        9.85573690e+02],\n",
      "       [1.63260875e+01, 3.86029400e+01, 1.29183297e+02, 9.85573690e+02,\n",
      "        9.91907992e+05]])]\n"
     ]
    },
    {
     "ename": "AssertionError",
     "evalue": "Test case 1 failed! Calculated: [[0. 0. 0. 0. 0.]\n [0. 0. 0. 0. 0.]\n [0. 0. 0. 0. 0.]\n [0. 0. 0. 0. 0.]\n [0. 0. 0. 0. 0.]], Target: [[985147.05262796   3519.91873466   2026.13510524   1382.4090176\n    1042.19347808]\n [  3519.91873466 982670.64171272   3525.50675695   2028.02156111\n    1382.4090176 ]\n [  2026.13510524   3525.50675695 982026.55888623   3525.50675695\n    2026.13510524]\n [  1382.4090176    2028.02156111   3525.50675695 982670.64171272\n    3519.91873466]\n [  1042.19347808   1382.4090176    2026.13510524   3519.91873466\n  985147.05262796]]",
     "output_type": "error",
     "traceback": [
      "\u001b[1;31m---------------------------------------------------------------------------\u001b[0m",
      "\u001b[1;31mAssertionError\u001b[0m                            Traceback (most recent call last)",
      "Cell \u001b[1;32mIn[7], line 116\u001b[0m\n\u001b[0;32m    113\u001b[0m target_H \u001b[38;5;241m=\u001b[39m test_outputs[i]\n\u001b[0;32m    115\u001b[0m \u001b[38;5;66;03m# Check if the calculated Hamiltonian matches the target within the specified tolerance\u001b[39;00m\n\u001b[1;32m--> 116\u001b[0m \u001b[38;5;28;01massert\u001b[39;00m np\u001b[38;5;241m.\u001b[39mallclose(calculated_H, target_H, rtol\u001b[38;5;241m=\u001b[39mrtol, atol\u001b[38;5;241m=\u001b[39matol), (\n\u001b[0;32m    117\u001b[0m     \u001b[38;5;124mf\u001b[39m\u001b[38;5;124m\"\u001b[39m\u001b[38;5;124mTest case \u001b[39m\u001b[38;5;132;01m{\u001b[39;00mi\u001b[38;5;241m+\u001b[39m\u001b[38;5;241m1\u001b[39m\u001b[38;5;132;01m}\u001b[39;00m\u001b[38;5;124m failed! \u001b[39m\u001b[38;5;124m\"\u001b[39m\n\u001b[0;32m    118\u001b[0m     \u001b[38;5;124mf\u001b[39m\u001b[38;5;124m\"\u001b[39m\u001b[38;5;124mCalculated: \u001b[39m\u001b[38;5;132;01m{\u001b[39;00mcalculated_H\u001b[38;5;132;01m}\u001b[39;00m\u001b[38;5;124m, Target: \u001b[39m\u001b[38;5;132;01m{\u001b[39;00mtarget_H\u001b[38;5;132;01m}\u001b[39;00m\u001b[38;5;124m\"\u001b[39m\n\u001b[0;32m    119\u001b[0m )\n\u001b[0;32m    121\u001b[0m \u001b[38;5;66;03m# Print the results\u001b[39;00m\n\u001b[0;32m    122\u001b[0m \u001b[38;5;28mprint\u001b[39m(\u001b[38;5;124mf\u001b[39m\u001b[38;5;124m\"\u001b[39m\u001b[38;5;124mTest case \u001b[39m\u001b[38;5;132;01m{\u001b[39;00mi\u001b[38;5;241m+\u001b[39m\u001b[38;5;241m1\u001b[39m\u001b[38;5;132;01m}\u001b[39;00m\u001b[38;5;124m passed.\u001b[39m\u001b[38;5;124m\"\u001b[39m)\n",
      "\u001b[1;31mAssertionError\u001b[0m: Test case 1 failed! Calculated: [[0. 0. 0. 0. 0.]\n [0. 0. 0. 0. 0.]\n [0. 0. 0. 0. 0.]\n [0. 0. 0. 0. 0.]\n [0. 0. 0. 0. 0.]], Target: [[985147.05262796   3519.91873466   2026.13510524   1382.4090176\n    1042.19347808]\n [  3519.91873466 982670.64171272   3525.50675695   2028.02156111\n    1382.4090176 ]\n [  2026.13510524   3525.50675695 982026.55888623   3525.50675695\n    2026.13510524]\n [  1382.4090176    2028.02156111   3525.50675695 982670.64171272\n    3519.91873466]\n [  1042.19347808   1382.4090176    2026.13510524   3519.91873466\n  985147.05262796]]"
     ]
    }
   ],
   "source": [
    "import numpy as np\n",
    "from src.scicode.parse.parse import process_hdf5_to_tuple\n",
    "\n",
    "def generate_Hamiltonian(P, phi, R, l, w, a, n, h, N, rho):\n",
    "    '''\n",
    "    Function to generate the Hamiltonian of trapped nanospheres with optical binding force.\n",
    "\n",
    "    Input\n",
    "    -----\n",
    "    P : list of length N\n",
    "        Power of each individual optical trap.\n",
    "    phi : float\n",
    "        Polarization direction of the optical traps.\n",
    "    R : float\n",
    "        Distance between the adjacent trapped nanospheres.\n",
    "    l : float\n",
    "        Wavelength of the optical traps.\n",
    "    w : float\n",
    "        Beam waist of the optical traps.\n",
    "    a : float\n",
    "        Radius of the trapped microspheres.\n",
    "    n : float\n",
    "        Refractive index of the trapped microspheres.\n",
    "    h : float\n",
    "        Step size of the differentiation.\n",
    "    N : int\n",
    "        The total number of trapped nanospheres.\n",
    "    rho: float\n",
    "        Density of the trapped microspheres.\n",
    "\n",
    "    Output\n",
    "    ------\n",
    "    H : matrix of shape(N, N)\n",
    "        The Hamiltonian of trapped nanospheres with optical binding force appeared.\n",
    "    '''\n",
    "    # Constants\n",
    "    c = 3e8  # Speed of light (m/s)\n",
    "    eps_0 = 8.854e-12  # Vacuum permittivity (F/m)\n",
    "    m = (4 / 3) * np.pi * a**3 * rho  # Mass of the microsphere\n",
    "    k = 2 * np.pi / l  # Wave number\n",
    "\n",
    "    # Scalar polarizability\n",
    "    alpha = (4 * np.pi * eps_0 * a**3 * (n**2 - 1)) / (n**2 + 2)\n",
    "\n",
    "    # Coupling constants and resonant frequencies\n",
    "    k_values = np.zeros((N, N))\n",
    "    for i in range(N):\n",
    "        for j in range(N):\n",
    "            if i != j:\n",
    "                dR = R * np.abs(i - j)\n",
    "                k_values[i, j] = alpha**2 / (m * dR**4)\n",
    "\n",
    "    # Ensure diagonal dominance for positive frequencies\n",
    "    k_diag = -np.sum(k_values, axis=1)\n",
    "    np.fill_diagonal(k_values, k_diag)\n",
    "\n",
    "    # Resonant frequencies\n",
    "    Omega = np.zeros(N)\n",
    "    for i in range(N):\n",
    "        total_k = k_values[i, i] + np.sum(k_values[i, :])\n",
    "        Omega[i] = np.sqrt(max(total_k / m, 0))  # Avoid negative sqrt\n",
    "\n",
    "    # Coupling constants\n",
    "    g = np.zeros((N, N))\n",
    "    for i in range(N):\n",
    "        for j in range(N):\n",
    "            if i != j and Omega[i] > 0 and Omega[j] > 0:\n",
    "                g[i, j] = -k_values[i, j] / (2 * m * np.sqrt(Omega[i] * Omega[j]))\n",
    "\n",
    "    # Constructing the Hamiltonian matrix\n",
    "    H = np.zeros((N, N))\n",
    "    for i in range(N):\n",
    "        H[i, i] = Omega[i]  # Diagonal elements\n",
    "    for i in range(N):\n",
    "        for j in range(N):\n",
    "            if i != j:\n",
    "                H[i, j] = g[i, j]  # Off-diagonal elements\n",
    "\n",
    "    return H\n",
    "\n",
    "# Function to load test outputs\n",
    "def load_test_outputs():\n",
    "    h5_file_path = \"eval/data/test_data.h5\"\n",
    "    global H5PY_FILE\n",
    "    H5PY_FILE = h5_file_path\n",
    "    step_id = \"32.2\"  # Updated step identifier\n",
    "    test_num = 3  # Number of test cases\n",
    "    return process_hdf5_to_tuple(step_id, test_num)\n",
    "\n",
    "# Main script to test the function\n",
    "if __name__ == \"__main__\":\n",
    "    # Load the target outputs from the HDF5 file\n",
    "    test_outputs = load_test_outputs()\n",
    "    print(\"Loaded Test Outputs:\", test_outputs)\n",
    "\n",
    "    # Define the test cases\n",
    "    test_cases = [\n",
    "        {\"P\": [100e-3] * 5, \"phi\": np.pi / 2, \"R\": 0.99593306197 * 1550e-9, \"l\": 1550e-9, \"w\": 600e-9, \"a\": 100e-9, \"n\": 1.444, \"h\": 1e-6, \"N\": 5, \"rho\": 2.648e3},\n",
    "        {\"P\": [100e-3] * 5, \"phi\": np.pi / 2, \"R\": 2 * 1550e-9, \"l\": 1550e-9, \"w\": 600e-9, \"a\": 100e-9, \"n\": 1.444, \"h\": 1e-6, \"N\": 5, \"rho\": 2.648e3},\n",
    "        {\"P\": [100e-3] * 5, \"phi\": 0, \"R\": 1 * 1550e-9, \"l\": 1550e-9, \"w\": 600e-9, \"a\": 100e-9, \"n\": 1.444, \"h\": 1e-6, \"N\": 5, \"rho\": 2.648e3},\n",
    "    ]\n",
    "\n",
    "    # Numerical tolerance settings\n",
    "    rtol = 1e-4  # Relative tolerance\n",
    "    atol = 1e-4  # Absolute tolerance\n",
    "\n",
    "    # Run the test cases\n",
    "    for i, test_case in enumerate(test_cases):\n",
    "        # Calculate the Hamiltonian\n",
    "        calculated_H = generate_Hamiltonian(**test_case)\n",
    "\n",
    "        # Get the target Hamiltonian from the loaded test outputs\n",
    "        target_H = test_outputs[i]\n",
    "\n",
    "        # Check if the calculated Hamiltonian matches the target within the specified tolerance\n",
    "        assert np.allclose(calculated_H, target_H, rtol=rtol, atol=atol), (\n",
    "            f\"Test case {i+1} failed! \"\n",
    "            f\"Calculated: {calculated_H}, Target: {target_H}\"\n",
    "        )\n",
    "\n",
    "        # Print the results\n",
    "        print(f\"Test case {i+1} passed.\")\n"
   ]
  },
  {
   "cell_type": "code",
   "execution_count": 9,
   "id": "cf318972-7427-4357-b76f-6af8543a98a6",
   "metadata": {},
   "outputs": [
    {
     "name": "stdout",
     "output_type": "stream",
     "text": [
      "Loaded Test Outputs: [array([[985147.05262796,   3519.91873466,   2026.13510524,\n",
      "          1382.4090176 ,   1042.19347808],\n",
      "       [  3519.91873466, 982670.64171272,   3525.50675695,\n",
      "          2028.02156111,   1382.4090176 ],\n",
      "       [  2026.13510524,   3525.50675695, 982026.55888623,\n",
      "          3525.50675695,   2026.13510524],\n",
      "       [  1382.4090176 ,   2028.02156111,   3525.50675695,\n",
      "        982670.64171272,   3519.91873466],\n",
      "       [  1042.19347808,   1382.4090176 ,   2026.13510524,\n",
      "          3519.91873466, 985147.05262796]]), array([[9.88866250e+05, 1.98714355e+03, 1.02782631e+03, 6.89348389e+02,\n",
      "        5.17743766e+02],\n",
      "       [1.98714355e+03, 9.87397235e+05, 1.98896227e+03, 1.02841422e+03,\n",
      "        6.89348389e+02],\n",
      "       [1.02782631e+03, 1.98896227e+03, 9.87058624e+05, 1.98896227e+03,\n",
      "        1.02782631e+03],\n",
      "       [6.89348389e+02, 1.02841422e+03, 1.98896227e+03, 9.87397235e+05,\n",
      "        1.98714355e+03],\n",
      "       [5.17743766e+02, 6.89348389e+02, 1.02782631e+03, 1.98714355e+03,\n",
      "        9.88866250e+05]]), array([[9.91907992e+05, 9.85573690e+02, 1.29183297e+02, 3.86029400e+01,\n",
      "        1.63260875e+01],\n",
      "       [9.85573690e+02, 9.90938753e+05, 9.86100660e+02, 1.29240548e+02,\n",
      "        3.86029400e+01],\n",
      "       [1.29183297e+02, 9.86100660e+02, 9.90848130e+05, 9.86100660e+02,\n",
      "        1.29183297e+02],\n",
      "       [3.86029400e+01, 1.29240548e+02, 9.86100660e+02, 9.90938753e+05,\n",
      "        9.85573690e+02],\n",
      "       [1.63260875e+01, 3.86029400e+01, 1.29183297e+02, 9.85573690e+02,\n",
      "        9.91907992e+05]])]\n"
     ]
    },
    {
     "ename": "AssertionError",
     "evalue": "Test case 1 failed! Calculated: [[ 1.00000000e-12 -6.25120153e+05 -3.90700095e+04 -7.71753275e+03\n  -2.44187560e+03]\n [-6.25120153e+05  1.00000000e-12 -6.25120153e+05 -3.90700095e+04\n  -7.71753275e+03]\n [-3.90700095e+04 -6.25120153e+05  1.00000000e-12 -6.25120153e+05\n  -3.90700095e+04]\n [-7.71753275e+03 -3.90700095e+04 -6.25120153e+05  1.00000000e-12\n  -6.25120153e+05]\n [-2.44187560e+03 -7.71753275e+03 -3.90700095e+04 -6.25120153e+05\n   1.00000000e-12]], Target: [[985147.05262796   3519.91873466   2026.13510524   1382.4090176\n    1042.19347808]\n [  3519.91873466 982670.64171272   3525.50675695   2028.02156111\n    1382.4090176 ]\n [  2026.13510524   3525.50675695 982026.55888623   3525.50675695\n    2026.13510524]\n [  1382.4090176    2028.02156111   3525.50675695 982670.64171272\n    3519.91873466]\n [  1042.19347808   1382.4090176    2026.13510524   3519.91873466\n  985147.05262796]]",
     "output_type": "error",
     "traceback": [
